username
robin_ebers
nsoe_italy
