username
igormaggiolini
