username
satefutcorona
sanscarmen
manyez
sedisaintegra
clsaavedra1
kemasda23
claro103
jhealthqualityr
manuel_alcazar
pilargarfer
eloy_ar
mopititita
sestrambotico
razanon
mayeutico84
adcolmenarviejo
jsacristanparis
gonzallebra_4
rafaelpeher
fenris03969914
joaquinestevezl
alchevi8
michael16240703
isabell28332075
clparrac
mvicenteh
bbahdja
eicaran
barpikara
ariel95lv
vebcamp
41_norte
mjvallina
tamaramccleary
idisalud
hufmc
ajmengual
jfillana
sigesa3
carm_perez
sedisa_net
dulcerampuer
alsedisa2020
rubenlandag
grouch_doc
coriniumglobal
ballester_rafa
muxakarmen
_visible_
caipeuk
taifontan
pacienteseguro
davidarizaabad
rafaeldelgadod4
mario14sanchez
jotaelecruz
endoqui23
mayt_b
claulcabreraa
amandapalazon
rutavinobullas
jmalcocer03
jordijubany
trasgusp
amonzondomingo
s3rh3rmar
franmengra
sconder2
tupurarealidad
robertoibeas
martagranyo
edfrm55
belenarcones
johncarthy
carlosrfk
ticdoctor
jgasensio7
mrchypi
wowiclub
rafael_vidac
mundofb
joancmarch
cerneresp
katypemu
ordalina_martin
feconomiaysalud
airgonza
silvianpiedrahi
muruchialcorcon
uocmadrid
davidjimenezglz
tatatorres1515
jvabad
mcidman
cristigarfer
mmzofio
rafadelgadodom1
tereclinico
farfalapoder
seresencialista
elsegundoextra
david4health
labestia3
serafincuidando
soriano_p
domumedmx
arenaskray
ogilgarcia
manekylozano
nurseinwar
carlosplcht
gestiondeenferm
albergongar
imitacionespain
rafaeltimermans
unitecopro
estrellas_siete
cerneraustralia
inteqna
miriam_poves
imorocas
josemaniega
victoriadiazgui
