username
federic83924920
shorearabian
casone14
podcastellaccia
bouletrochelle
follonicard
enjoy_maremma
jaadindaho
tastethetuscany
mazzuoli_power
iloveprincipina
silviaroma2008
brunos37932488
tognetti2015
pietrogiust
bnblamasseria
lafgggggggggggg
follonicalove
andrear980
danielasozi
habib47748064
dani_villani
cecily10000
cpadver
fabionasti1
michelepanfoli
mariatremolati
samantavanni1
magamagolina
bettywrong
marcopiti79
francopiti
francescoronca5
danalauraplaesu
priscilla7911
tayediggs
massimo54554174
irenecheccacci
_travelwithlove
vanessarusci
danielanecci1
mobilicorazzi
giovannimaria80
zoelfadli07
manzicristiana
xatunamelqadze1
federic37079464
amiataintoscana
nctufo
rodicadiocher
sabrinad73
ghezzimarella
felixgomeztito
canto_quinto
mayursinh_l
ir_responsabile
maremmanews
thatsamiata
tweetconcorsi
marilenaguarni1
nileyrenzi
giuseppeariano
francescogiemme
antonio00952445
aritrariyan
g4sviluppo
incisergkdemir1
danieletonini1
coopagrsemia
sanvincenzo4u
jacopocangi
floormadcom
annagrazi5
pujaz
tutti_brilli
biondimirio
maremmamaiala_
creatinia
tenutacicalino
lorenzomlillo_
andreaca1983
ciagrosseto
katia_tarricone
a_emme_70
webbombers
ivan_lumini
nuovo_cinemamod
rliberale
lciarini
sesembo
ariannafriends1
aleariamiata
gabrigol90
isoardiwalter
miriamlusini
smarabottini
gaetanozattera
bartolinilb
luce8_
lupomaremmannar
andreabronzigr
annitarubino
poggiosassineri
info_alfio
bevedetta
jolallushi
prolocopaganico
esperidi1
barba1950
ristonovecento
madein_tuscany
m_n_kk
agrcavallino
casanonnagi
franceschi_info
amiatapianof
iosonoetrusca
visittuscany
massimobucci
sideri_monica
brot10
flowermagicch
anticospbigallo
eleonoraguerri
expotuscany
federicab73
luciariva61
archpitigliano
invaderstufo
elisabettaperi
sabrinadangel11
massaciuccoliro
ritadomus
slowfoodtoscana
mariellarenieri
ludwigbargagli
cisgiu
esseoesseviecav
pifferisabrina
vetrinatoscana
dara_gianpaolo
andantecongusto
mr_effe64
pecorinopiter
chiaretta5000
poltronadia
ficheranesso
igerssiena
studiomarra
italentjob
fracymilano
gaiaallegrini
museidimassa
emporiumart
saperefood
vecchionif
bozenasculpture
lostinmaremma
pame8587canuti
wch_grosseto
saragrillo_
weightreed
paologoppion
veronicasabati1
lucky24101987
vevo_nica
nonsoloturisti
stefanomlg
cntpitigliano
lestatkod
iliab12
exit8aalice
igersgrosseto
texanolivia
danoi58053
blogdiviaggi
giulianoadorno
orodimaremma
filipros
canalearte
reficul_81
santegle
ilmorellino
3querce
ssperguenzie
danielacerboni
irene_tedesco
museumangels
emptyrucksack
rossanac9
portomaremma
terraxchange
agrilemacchie
fontegiovane
barzellettetop
girlinflorence
hotelfabbrini
ridetuscany
quickerbookcom
mariassmith4
francescapola
zovietism
changeproj
miabellamiss
toomuchtuscany
corsiniholidays
fischiotto
ecoalexa
robertamariani6
ricette_cucina_
booksfollia
fturismo
poggiodelangelo
tintidianora
turismocp
moschin_manuela
anticaviaclodia
artomniart
giovannacasetti
hotelapprodo
growsmthnggreen
maretrusco
giuliamicci1
festambiente
itabarrani
iltuforosa
costanzasoprana
patriziamargari
ursamaior_it
manciano444
zdachaamore
rigelbiz
lacasadeicarrai
lelino21
lafilandamancia
safichannel
demetratours
quimaremma
francoisem
tuscany_world
angelacreatini
claudiacerri76
globetellers
amiatavideo
simonefiderigo
baccoperbaccoit
f_iaco
ffravolini
grottimarcello
cciaamartir
luisafranci
italiarentals
borgomagliano
agrituristprile
valebellucci81
chesistaseragr
fabrizioda
cipiovedentro
seigrossetanose
angelovecchio4
edtlibri
canquistello
dellalluvione
giovannilamioni
gianfry1960
pomoter
pievevecchia
azernewsdirit
meschini_nito
gemmabancala
masterlions13
podereargo
ncarraresiit
vitalbamorelli
stefanonelli1
prolocorbetello
lebighe
frenky_32
katiasignorini
leorme_maremma
claudialubrani
coralepuccinigr
mariannafebbi
igersmaremma
cittadeltufo
infopitigliano
mariellastacchi
girlatwild
robiveltroni
fiorisa10
maremmans
luisarosini
