username
cislfp_cosenza
immobilartroma
