username
kevinja73807788
