username
giulviki
resiliente66
limmaginaria
vdardanelli
pmarco_sj
ilrabazzone
giorgiofili8
barrow1985abol
paolorm2012
regiocyprus
laminsu24966198
piazzi_alberto
canonicofabiano
regioevaluation
giovannacuoco5
dmarkane
vellaenrico
axonios
nuskycambon
cebede1970
movmirtarturo
dio
augustominzolin
snvincitorio
myhubninja
wonece1
highwavecapital
saved_mat
bukkylive
janedoe654578
mattiottiluca
nonamartina902
49emme
lafamily_be
laufrittella
eban_org
pietromambriani
thomasrossi31
alicedbv
laurasud
europarl_it
valeriofrontini
ritaarcuri
towobolashehu1
alis_costa
demoliquida
cicchilore
serv_pubblico
andreadippaolo
